0.0 0.211860632459553 0.15863345176495042 0.9851954888765839 0.29345899440048634 0.3612162032841704 0.5306477385235325 0.28567737991642056 0.17372742187260912 0.17509059283541095 0.019708831507922207 0.1630965069415523 0.10531056504563541 0.40950569132600184 0.2693937147844065 0.10804811334206114 0.13301722145828712 0.1149047547273557 0.3117438199840805 0.6706609189193486 0.18259003076770894 0.11868607088206859 0.08741795030542496 0.11332806007566788 0.13985136789630964 0.45531996191153706 0.4220606861830723 0.40149540979666065 0.38811547932299034 0.15479509635656064 0.16366542357673797 0.2522337231559506 0.6075903655217514 0.1247254918863209 0.2495499646510994 0.12045168957285884 0.23517871711937205 0.17023292185763192 0.2639613252612318 0.2530000781520299 0.1421151019071639 0.12171071110357415 0.5427343462110571 0.3385461729967573 0.2866136124542574 0.08044349690231747 0.20013049295491558 0.18046959872821783 0.07237082034155207 0.13979676936447544 0.10627739240826332 0.33359850405172614 0.47005854909943984 0.1466549741777336 0.18500689437818518 0.3564529359890561 0.2811124879459134 0.10826106871539463 0.49095673645620186 0.19545693304950693 0.27398470028872635 0.016938962745182244 0.22606832114786218 0.2044028261033365 0.01210518048131037 0.3579032713652785 0.05123144652524486 0.1735815661898895 0.33698161843696484 0.10219116794177725 0.19243412721872274 0.011408997398823586 0.04789824478433901 0.29078334977704945 0.17589631965093647 0.27198998170115185 0.1546711067039194 0.04797545470231048 0.29646906477808255 0.12843005366203805 0.16587796511335284 0.13410802816217735 0.44877814906471786 0.08583262961337325 0.17329595376892853 0.12925653010559202 0.13219337686989302 0.37636488153321007 0.18890515877366484 0.13049451653891117 0.4431090555999865 0.1187862942443293 0.22527676409956127 0.29999803098376565 0.2814544268138849 0.09322099270201477 0.07502420756081066 0.06128999561853167 0.40577860043036634 0.1534491045068366
0.211860632459553 0.0 0.07399972354931462 0.8620517415435587 0.2939502567968346 0.21023895357340375 0.6221161176055754 0.4033505383253903 0.07638865890691708 0.36117469041496286 0.19215417970295878 0.12495645159623744 0.1358101761168868 0.42531357233216066 0.19184047159995166 0.11677602721168709 0.08735332765449885 0.3144882718435552 0.12897182592991968 0.56251508163746 0.03337582865095725 0.09804058503672392 0.14637546358321196 0.13295040174976408 0.078229975375172 0.33793721042922414 0.5897338007183126 0.39929273303529095 0.2650407104390485 0.06720876287075526 0.10675894851144122 0.30225803844791294 0.4594349024842702 0.1340123504494411 0.40247285266774474 0.2380708212534029 0.03542787929284133 0.059264305253550954 0.11178329458892723 0.43743786232445764 0.07208929593074867 0.13747050676132438 0.41294116923319035 0.2029922562072013 0.21552957756882304 0.13156809662693347 0.23592868011692864 0.047020366618136904 0.22327598881027114 0.1498998038761503 0.24616332888717962 0.5030920006818211 0.31270154777435427 0.06593619004307041 0.055927420686481974 0.5343234906035459 0.09632997651654715 0.28373171820702814 0.3371309101848504 0.3208631038529489 0.21571020248479197 0.2286108923410619 0.3192985924971482 0.33211885541814545 0.2172500568254717 0.20112276172298282 0.20433583272213593 0.03873577599592023 0.24430871457192768 0.25985662037525004 0.031203922988074773 0.20323752877293885 0.1827067225774569 0.4613173014811009 0.06401108695912412 0.07622179815222861 0.10179497736242202 0.16400113988001103 0.2296212039672699 0.09006601322391437 0.04598526758441021 0.08315964749971691 0.4994761354095312 0.16526700871576283 0.048644929422945085 0.11211252142222267 0.10179311879936358 0.21865273443030203 0.04211565543016283 0.1331039665314196 0.5464466247618364 0.12053965781280856 0.33606282841744944 0.1692324881799524 0.35873909212877336 0.16678447882369138 0.18509094157145167 0.16892185075729038 0.24795344049686116 0.3474893250975092
0.15863345176495042 0.07399972354931462 0.0 0.8567900773568973 0.23467561841837944 0.21188389673803623 0.5525340942164169 0.3298458457630103 0.018591500773747004 0.29145019672821865 0.1397171239485405 0.14153136346426667 0.06511636724760167 0.366877143221655 0.1514194180952478 0.05150330993344087 0.07707996735126509 0.24941568422640506 0.15333704478305157 0.5483809196230807 0.06593160271658893 0.07581206092954457 0.12090194475626861 0.12126095634692201 0.07034872815874293 0.3243225839038041 0.5161494743370003 0.3446673490580321 0.2520657181441541 0.013854847638994855 0.1253984313722459 0.23349715063776558 0.46411591112731077 0.06022551055350483 0.328753611784528 0.16469398237543836 0.08266540434583906 0.08275455003746358 0.10914676605848683 0.3663956196171425 0.03116340957135266 0.1310994995146754 0.40715186424889077 0.1944679205974953 0.17452745037270936 0.08248511199172626 0.16617207218364138 0.08027673476546617 0.15437875940012946 0.15237746514268763 0.1741252162168521 0.42986758524501734 0.3209494677172726 0.052525332767214154 0.09349824664111006 0.46174171736102165 0.1224858145781731 0.2143253843721767 0.3435740822364187 0.24686446636695472 0.16947821289769052 0.17413088958195663 0.2463387003405269 0.258119845869196 0.16684075524884512 0.2064041116069659 0.13891394811157812 0.05372987009787701 0.2150458224200287 0.18906111273537365 0.04388136889937663 0.14826295582656232 0.14362575840226685 0.38837137522668647 0.017293666619690735 0.11475141705962306 0.11493806185319749 0.11230603469597199 0.1880117208837314 0.032057446607145934 0.04647573406337089 0.07042461380007664 0.43512483510321315 0.14176036054494895 0.025573511998155135 0.10809899675153158 0.030113728490865552 0.2251079620073041 0.08423362031945524 0.13156343673806734 0.47498831871796443 0.11042058264525546 0.2623839708560953 0.1556619900071245 0.28794028024650986 0.14680593544530854 0.11584960157027457 0.13369657042688463 0.25523621613209513 0.2798537638389472
0.9851954888765839 0.8620517415435587 0.8567900773568973 0.0 0.7158022049319881 0.6520377276312675 0.8202579654246076 0.8688910734670694 0.8382036862841201 0.9960002808864692 0.9722287877139955 0.9854087045922404 0.8847436056408841 0.66404716357562 0.7168118121066687 0.89214894552684 0.9304884022261671 1.0070247860567727 0.7357360756954056 0.3156616263426834 0.8900615587191031 0.9321341082798014 0.9771338071409339 0.977386896138926 0.9220401095895187 0.5330117353412474 1.0371898256340921 0.6432177824187338 0.6047286974557071 0.8685029938013544 0.9671563929454642 0.7813087516412599 0.4072242065314539 0.8639962771978101 0.9383951725230778 0.8929004485180194 0.8269530324448696 0.9177444124291844 0.7546016058587134 1.021459991052188 0.8870450428227526 0.9863038719350106 0.4502654019922961 0.6635965856238236 0.6986255023228517 0.9316598358596078 0.8008580100313372 0.9071625273688013 0.9311096782406764 1.0050888361243362 0.9150808691567969 1.0066783492892588 0.5522366010551243 0.903343044549525 0.9177303500060754 1.0446366752903393 0.7666561575234778 0.9575229093754407 0.5272674817107773 0.886420006259261 0.7113401383553183 0.9942336346320819 0.8383794468638643 0.8890853297252157 0.9968518464851489 0.660929592726109 0.9391527806240262 0.8864034793890311 0.6489308263849506 0.9336190520592712 0.8528625270171288 0.9739411848959757 0.9917137878805368 0.9941940291008281 0.8441345184244042 0.7891184773273401 0.9600545264085321 0.952350650354378 0.6888101036649875 0.886709241701289 0.8862982657949899 0.9239796336162036 0.7152991415684515 0.9977984894337246 0.8605827585269706 0.9615831112068306 0.8700201101609862 0.643561110794698 0.9037810003959834 0.9852088907693014 0.8432141428440632 0.9658791701704498 0.8619985441233985 0.7016551411900926 0.8023676798136373 1.0033356146421155 0.9113977022826749 0.9855381967757559 0.6148255817946289 1.008382217288608
0.29345899440048634 0.2939502567968346 0.23467561841837944 0.7158022049319881 0.0 0.22235351951592555 0.3432265904956736 0.19067601117803473 0.22262218031483602 0.28202360346688876 0.28670302906060746 0.3708799680535669 0.217611513246609 0.13224003168579296 0.11908730162544749 0.23638095054940092 0.3045287513980344 0.2920188430354929 0.25971351038358503 0.40148189985627736 0.29883095281051775 0.2968736455259112 0.32299005857924756 0.3366223480079873 0.3004275977889833 0.22483421932906508 0.4007125564024993 0.112275116839095 0.1917211835086166 0.24814305415642737 0.35680160110195414 0.06942745886358681 0.3868739687379692 0.19980578149281447 0.24232336143289326 0.1826993906221347 0.27732161259744476 0.3173888941345077 0.21434981915742737 0.320179508155678 0.26152439389741833 0.34849319870555084 0.3082122691514908 0.1924706961775228 0.10369139205483091 0.2711997330092211 0.09339322516369268 0.31454465157988587 0.22709705966867386 0.37266700218430854 0.2041115492707321 0.3354517745136732 0.29217765749137253 0.2850661197377347 0.3279037971226624 0.3752742004889357 0.2575608350528978 0.24306959323108682 0.30130896359615544 0.17387029277571667 0.091843996853259 0.29747761392546634 0.1287221109554395 0.17862346376017701 0.30553637282522067 0.23034606426269766 0.2425278040578895 0.28752098231668644 0.13141619596090812 0.22113432870385208 0.26497374835302573 0.2835444317771385 0.3174953469524696 0.30788545015538593 0.23503220316999196 0.2738496609754822 0.34546521233608374 0.2770073740033542 0.09523139134286521 0.2485025155543108 0.2809871818141417 0.29851965943494685 0.2080059019130557 0.33959416894151295 0.2558523034349888 0.33173381893554704 0.2254666220262651 0.2390573214649811 0.31757562447034643 0.3523517313442146 0.2825090744050431 0.3295935899096476 0.15519718204907282 0.18193102961609342 0.11631701892480167 0.34746519050534064 0.219881433152328 0.31802196630538776 0.2533758153285068 0.2928090777900733
0.3612162032841704 0.21023895357340375 0.21188389673803623 0.6520377276312675 0.22235351951592555 0.0 0.5570151973804987 0.4043175399748363 0.193710457904267 0.44442344760937375 0.3443206678117915 0.33344315599114605 0.25597280699434793 0.3193193664569394 0.11928109582403258 0.2558175101640621 0.280913382970311 0.42425091664120834 0.08947467107736595 0.3540481322847509 0.23809707173323388 0.28444056191291067 0.33219884968694674 0.3287506487136672 0.2720871997197849 0.13300773507612182 0.615077947167677 0.28241451894559916 0.06674595950240866 0.22181646049586923 0.31517547109319793 0.276311015978113 0.25281895541711924 0.23735924213968612 0.4397778993785125 0.3102147910901511 0.1754520190017313 0.26581509751863 0.10408167578282868 0.5047457725860555 0.24005130856711612 0.3367418856582536 0.20274294503253976 0.030837431541347833 0.12267806438935976 0.29284643821473016 0.24046299702956397 0.2551295801455896 0.32920332088742266 0.3541994418829934 0.3299171503949519 0.5412752427813103 0.10933108133009399 0.25369768764675066 0.2657484896262441 0.5796110645655607 0.11649205886847401 0.37776761031102224 0.13169247263286957 0.3564467942427266 0.13873937514499196 0.3743655957623767 0.32600979191912527 0.365482694719629 0.37131400134148207 0.01261272846720422 0.3260351366865781 0.2349347183753391 0.09551774653581487 0.34961918748132015 0.2014823631982006 0.3499477307959822 0.3545294757724858 0.5070825422897375 0.19703341618681347 0.14002483360206885 0.30832040737987704 0.31943857568517464 0.1278232168708297 0.2436377174908246 0.23549956419189647 0.27461291071037547 0.41166535467899085 0.3530830903130537 0.21107394411691785 0.31147449909885655 0.23168812724086763 0.017861147886483505 0.2517930230958101 0.33485290910825016 0.5035455787441093 0.31676926941674133 0.3521659786756072 0.06259985488221141 0.3341954350310937 0.3575563402375016 0.29723726064423295 0.34539640123985477 0.04467157013433342 0.44332797228571924
0.5306477385235325 0.6221161176055754 0.5525340942164169 0.8202579654246076 0.3432265904956736 0.5570151973804987 0.0 0.2452669410440879 0.5460100360608037 0.3935126171234744 0.536013249477961 0.6663218442821519 0.5096792268930984 0.2432058005477435 0.46230738823469375 0.5327272096561281 0.6054853159263035 0.45080725616693423 0.6029190419237304 0.5637010905740084 0.6181800417359814 0.5934617306741832 0.5989469918850008 0.6207614280205483 0.6047935812790362 0.5067322090630569 0.2578816241159158 0.2821738140838169 0.5096325429484839 0.563981139218004 0.6570861300272076 0.3198626135681253 0.6369027821756486 0.4999703833717473 0.29796040696466713 0.41831898119782057 0.612345426244161 0.6296284536097134 0.5565770988355098 0.35316974553388053 0.5717857783398407 0.6324629693990189 0.5600884409666811 0.5293988995103297 0.4460055729078077 0.5541277600871578 0.386540352674999 0.6307173472798281 0.4615636173850051 0.6559666231317937 0.4263827498213301 0.2816267182565169 0.5983807541705717 0.5943642705405076 0.6430920156293664 0.3030415991851147 0.5998738381668681 0.427477555191627 0.5979344115170474 0.33533442244781964 0.4350462380855457 0.5238449752661749 0.31314732578756804 0.32624723225754465 0.539895714605496 0.5668051469740016 0.48744928827739886 0.6056361419194559 0.461519620435501 0.428467049552911 0.5911653144256072 0.526063138408132 0.5736650261530152 0.3017847343926013 0.5586261206733627 0.614687306060467 0.6453381120549284 0.5427506286894844 0.4358493739582176 0.554217188194522 0.5974594755608091 0.6010088477975016 0.1490449282548486 0.607973390445527 0.5772637957721576 0.62471600467076 0.5328290475135695 0.5719152690763439 0.6359020508686026 0.6391997210796115 0.08944210856432208 0.6185297682456851 0.30696550394686856 0.5243214305961167 0.26504741550859523 0.6163495616464195 0.4819570767867222 0.5818537844964105 0.5790294336824561 0.42037731378222704
0.28567737991642056 0.4033505383253903 0.3298458457630103 0.8688910734670694 0.19067601117803473 0.4043175399748363 0.2452669410440879 0.0 0.32789889236185105 0.16102626511638143 0.29190372267347603 0.4278709929151649 0.2770861076829993 0.20632393247714603 0.2876979758461156 0.3001649293812546 0.3709511394693259 0.21024298099380925 0.4196357076296945 0.5643486040201221 0.39262160669680485 0.3577563928665713 0.35732376494641604 0.3803792831927049 0.371718403660719 0.4136265372290589 0.2111399453875576 0.2260714023670214 0.3816561854766572 0.33918156423699775 0.4205130449158766 0.12808992275420417 0.5734356927729403 0.2717463888104087 0.07375622556916855 0.17786585681606337 0.40189383067077167 0.39930553157777765 0.3654901478250629 0.15565031055198905 0.34325413884703615 0.3917431889762212 0.4934539494902518 0.37350873102137416 0.2816651232972873 0.3157432638029689 0.1762431696404284 0.40257178211771644 0.21794957853742905 0.4145763335850076 0.18292375645794257 0.14639720671374756 0.4824737723457881 0.36410717864128456 0.41385795081902643 0.18640853666448823 0.4064467802947595 0.18252027337067192 0.4919845570760465 0.0913808547953479 0.26565209018253194 0.2785882361513891 0.08543187660620238 0.08154056448468823 0.2947324598026471 0.41023087164651684 0.24418252064050683 0.3798813697509762 0.31982520134180065 0.1835122786679218 0.37230753928425947 0.28151172621097154 0.32957671560651125 0.1257799855290601 0.3397260078782304 0.41517950777899315 0.4089670416357441 0.3008240941741976 0.27787757163856325 0.3244325737909531 0.37108243980424804 0.3672918950895202 0.1925656593491894 0.3648236349443183 0.35541357963635273 0.3866619875390573 0.30537968693116035 0.4218847691671953 0.40887033037688975 0.3990156246941502 0.15745071596059143 0.37946742497197683 0.06778785619027375 0.3530553004982308 0.07508289747722348 0.37312126318689864 0.2421605248140895 0.33856180780684214 0.43987826054416923 0.18543970947803498
0.17372742187260912 0.07638865890691708 0.018591500773747004 0.8382036862841201 0.22262218031483602 0.193710457904267 0.5460100360608037 0.32789889236185105 0.0 0.2987928540902971 0.15522744214985043 0.15820130672042615 0.07484229217392908 0.3548203666238515 0.13432517529183868 0.06568978906700702 0.09484305557701343 0.2597376797722547 0.13816918951559895 0.5299309815143755 0.07621772160720248 0.0942590986963184 0.1394425530289938 0.13970559792915593 0.08764481408146561 0.305777840529478 0.5184901463883365 0.3313808267217563 0.23348215196991817 0.031070774721626653 0.14156861038555077 0.2262339922894 0.4457363672106155 0.0649215946543458 0.330969434271316 0.1685016225208855 0.07665453375702488 0.09665366786550676 0.0916356227833924 0.3724138398581427 0.04933261203260915 0.14939668757961463 0.3885631904469197 0.1759382056966238 0.15768737332818303 0.09968798104771276 0.15961935556661158 0.09231640991345444 0.16329485718586384 0.17034654497508714 0.1799823114259352 0.43307034052927756 0.30288718685083527 0.06928706886184033 0.10573833981648476 0.4659031193697226 0.10854075718343371 0.22230763164701345 0.32537465859596437 0.24758625785871116 0.15351148243848495 0.18875265197169552 0.24339735230218876 0.25878910384937903 0.18246621950132477 0.1884842159838409 0.1501123668421107 0.06519552160746966 0.19707613935486015 0.196094637178178 0.04523492574563185 0.16305430056093229 0.1611911657737711 0.3921147751352298 0.01269527785013845 0.10361034337662992 0.13150570168872897 0.12840815557324275 0.17134823636586463 0.04992725980763928 0.05952392221488777 0.08817232939794678 0.42551078874727283 0.1602881921327328 0.03324013990866886 0.12604368809953032 0.04185577699998085 0.20718605972221465 0.094972973659069 0.14961325863308084 0.47005803170385096 0.1287304473769618 0.2609902899729988 0.13709824270145185 0.2823656238598487 0.16538337851472282 0.1251437179432074 0.15169547203515785 0.23726406928397278 0.2886463574699446
0.17509059283541095 0.36117469041496286 0.29145019672821865 0.9960002808864692 0.28202360346688876 0.44442344760937375 0.3935126171234744 0.16102626511638143 0.2987928540902971 0.0 0.18995692063047429 0.33769136153364543 0.22646501776361128 0.35058985819602395 0.32812423672683133 0.2444003238793661 0.29821394538778057 0.06436308674980672 0.42608348442579264 0.6829735515029988 0.3386171727109524 0.2833450939788144 0.26173026937961413 0.2876107159173034 0.3028426205734061 0.4974341564808009 0.24752702113332678 0.3598000025789606 0.44574867468691526 0.2947048671833052 0.336705490225406 0.21478509526016448 0.6602562105218085 0.2339304589754299 0.09563361230331231 0.1360122575674823 0.37399588059239514 0.3339385304569807 0.3705866796374218 0.078467629378049 0.28977320405760626 0.29657444868070887 0.5846417426836704 0.41535514848805843 0.33404688758830337 0.23882443766727077 0.2106647116299596 0.34179727395698956 0.13789989490385166 0.3148049873838233 0.11975760734394068 0.15961243633120675 0.5431265156724191 0.30336418652999236 0.34938778965904266 0.18141623456838601 0.40224140018940074 0.07744305716440958 0.5587835871074195 0.10964734240079106 0.3172519079132432 0.16121334441123347 0.15805337838658043 0.10802350119618954 0.17906020851742144 0.4459122981993528 0.15864659713863438 0.3271315333087926 0.3837901969368688 0.10269999588258763 0.33424991695400125 0.17701096327542948 0.22285093317533197 0.11745795488699211 0.3069374662361424 0.4016737688940108 0.32681429550869345 0.2113708425183997 0.33720309641391943 0.27118657965609894 0.3182179794052745 0.2972717250068916 0.3527492512026481 0.2607499053574667 0.31426953628350063 0.3015307158407923 0.2614589329958367 0.46199341011385664 0.3497961542453388 0.3052619065684032 0.3042162523986036 0.29166899566975285 0.13655642111135638 0.38320715219711876 0.202062365701033 0.26785298357826276 0.17619032475080124 0.236318430385531 0.48712152137687964 0.027332103820598204
0.019708831507922207 0.19215417970295878 0.1397171239485405 0.9722287877139955 0.28670302906060746 0.3443206678117915 0.536013249477961 0.29190372267347603 0.15522744214985043 0.18995692063047429 0.0 0.14781036336391204 0.08918810631790292 0.40608002279770067 0.2556323913681565 0.08971267911322588 0.11396574689551203 0.13172503210216646 0.2929983120431276 0.658247500901319 0.16298365135009898 0.09948270386966893 0.07186860587179768 0.09768618439900775 0.12056614323481896 0.44122873258883877 0.4358355957670529 0.39626086837021185 0.37312594249399395 0.13545702044629487 0.14702216355284214 0.24953984391413792 0.5919938784158526 0.10931630484885108 0.26007454568011396 0.12072397699464202 0.215587797985805 0.15114783130206166 0.24598224040052238 0.2682781889083702 0.12249952045917831 0.10700572582421185 0.5282246610660838 0.3223150914139337 0.2737069234618802 0.06074928617493028 0.19392794620910342 0.16117557364325022 0.07455618443607649 0.12683178851506852 0.10969254472982197 0.34720428292445826 0.4533917633902671 0.12700242119382793 0.166056161359525 0.3713124079352132 0.26211749446114957 0.11949039271661191 0.4745974320166145 0.20082068969237796 0.2617303987853002 0.036516180874460485 0.22785541926006606 0.21036387135799337 0.02725545347504515 0.34066732134032085 0.04948575730426543 0.15389597051926504 0.32344583754836526 0.10912773602856338 0.17284899612311347 0.013010771414697274 0.03767983462749963 0.3042592936399936 0.15693385571898452 0.25262669238593577 0.1375352148980576 0.028302564845837593 0.2840823759259007 0.10914493336721737 0.1461725213024757 0.1148142847855068 0.44924965858552474 0.07397541335762418 0.1538048443315392 0.11211300316031302 0.11400938793463017 0.35920294755013443 0.16959821256893398 0.11555043717589482 0.44924904919346087 0.10195610178224379 0.2293869807999474 0.2835642267824326 0.28260954951379075 0.08199922156920264 0.0668392227159085 0.04792961228581312 0.3887830356576283 0.16955332708247364
0.1630965069415523 0.12495645159623744 0.14153136346426667 0.9854087045922404 0.3708799680535669 0.33344315599114605 0.6663218442821519 0.4278709929151649 0.15820130672042615 0.33769136153364543 0.14781036336391204 0.0 0.15895906402689505 0.5018632503441278 0.29252640566240923 0.13702728339107004 0.066412691820395 0.2779079693825512 0.2539198940602044 0.6824382364073875 0.09535089939171146 0.07485797998068049 0.07596369065938476 0.050141767791950134 0.07148304874454377 0.45728917088512355 0.5834703346069178 0.4825858334832849 0.3841083304760858 0.12775952128772208 0.018285027856974948 0.3568559915669461 0.584120643749839 0.1730895090875507 0.4049231781953235 0.2500199653630713 0.16036466821009235 0.06767325466211674 0.23125020598763044 0.4158936316499787 0.11130448584264313 0.04158524772955616 0.5354662681291574 0.32304081316677047 0.3158532184991991 0.11237059672601493 0.2906731831025132 0.07849643402587166 0.2134543675892138 0.03294573518447315 0.24687770492292055 0.49480297767350306 0.43748260502306063 0.08904816538911085 0.06930536188433493 0.5190895634806406 0.2212430406559856 0.2663366262440393 0.4618019253433754 0.33703895257896216 0.3109907460841641 0.17833557904355823 0.3531748101861172 0.3476255255686326 0.1612099562729941 0.3249769426761193 0.18741812979967673 0.09972976063499293 0.35414454970230314 0.25191053851330253 0.13309377718561402 0.16070555336418346 0.11646371134112718 0.45182729523046106 0.14857149437553915 0.20089014068665487 0.026708986145584344 0.12975701470446138 0.3294424532322678 0.12242002572754164 0.10143068511894902 0.07261070224745322 0.5622547640703562 0.0803268062573593 0.128881786315209 0.04162113543580712 0.14542284290992866 0.3428515745687732 0.08287437950772754 0.03267914117517256 0.5827968055871712 0.04848895346742965 0.3614568201209943 0.28652121332042835 0.4033210494787128 0.07544265878012951 0.18571469213453268 0.10196053833676184 0.37243733516310784 0.31654395059837614
0.10531056504563541 0.1358101761168868 0.06511636724760167 0.8847436056408841 0.217611513246609 0.25597280699434793 0.5096792268930984 0.2770861076829993 0.07484229217392908 0.22646501776361128 0.08918810631790292 0.15895906402689505 0.0 0.3459298919027626 0.16800282051056584 0.02318111331122112 0.09583813083506294 0.1849864170404586 0.21142348758919197 0.5717059148518269 0.11783926172068901 0.08443718080691164 0.10554080384902552 0.1196278918944127 0.09530766018595899 0.35279034924387637 0.4549044009871779 0.3298449587335956 0.2840834216793522 0.06867487106918416 0.14798344398474533 0.19793734238390873 0.5028075760278845 0.02081714810321367 0.26828266309417825 0.10373098860598204 0.14778131142174475 0.12222179985959351 0.16061141618551805 0.30191738585837385 0.06746530157343865 0.13163266941404309 0.43939813177186077 0.23330311966905928 0.18740068344594685 0.0537159498616141 0.13230517330593175 0.12596916497804264 0.08927542769298319 0.15599360538559423 0.11037243373773441 0.3677481653210307 0.3647496836782882 0.08709609556027105 0.13686870298010215 0.39855980453468737 0.18299185136475468 0.14924538991520106 0.3856834514964573 0.18968603257848587 0.17686941066984782 0.11850520942198553 0.19744173168842316 0.20087309493666627 0.11572624867977621 0.25289719089479046 0.07536966650928151 0.1053439693560679 0.23586248415667507 0.12434585792953427 0.10786328341062706 0.09400064404831952 0.10778744470469662 0.32574561163705595 0.0812238038316574 0.17828528505506078 0.13620269171324845 0.06763817872839141 0.19871164345283016 0.048176414109154186 0.09628158433357206 0.09135304755523674 0.4033664046533134 0.12308014954153117 0.08800165514795279 0.11776333332120942 0.035026974847408895 0.2712812345702662 0.1327259468252006 0.13628986475389054 0.4281993353976243 0.1138046197483878 0.20936597956080877 0.19469505377369523 0.24532641834451224 0.130626477360926 0.050770697995622054 0.1042106552060923 0.3005718684586304 0.2147774727652451
0.40950569132600184 0.42531357233216066 0.366877143221655 0.66404716357562 0.13224003168579296 0.3193193664569394 0.2432058005477435 0.20632393247714603 0.3548203666238515 0.35058985819602395 0.40608002279770067 0.5018632503441278 0.3459298919027626 0.0 0.24144171133812203 0.36599285909784046 0.4357023722310528 0.3806043380023299 0.3767162023705816 0.3660144978904229 0.43103698923021105 0.4273836908309694 0.45010131456096913 0.4655534323083923 0.4319573484142 0.2647236283106059 0.3826027041082029 0.038978185409256356 0.26764219090440805 0.3803008770202703 0.488244641120687 0.15743844852742622 0.4052613977971088 0.32941318127185243 0.27837992883631335 0.2904995601027106 0.4068059521083777 0.44955517750350876 0.3382537142613245 0.36142161848360094 0.3933760916221729 0.4775457458716717 0.3257011669723577 0.29384337362341323 0.2207413984885297 0.39877636797979715 0.21486791470376243 0.44678467451010623 0.3384724014497404 0.5018838441932322 0.30884107808329525 0.3430376409469799 0.3552202924827997 0.41696048307522 0.46014284241744696 0.38156623424438474 0.3804389370714284 0.3368089194631453 0.35538632182240343 0.24518484951709277 0.21435515684247652 0.4103363928876632 0.1980389971392404 0.2438746657675087 0.42123835859671027 0.33002687476119913 0.358484276570915 0.4197586635929761 0.22451604359123215 0.3216950335247283 0.39679713119977233 0.4007802196913654 0.43977785802506936 0.3305750886028681 0.3671923151050379 0.39903875699349456 0.47679914653466393 0.4005902375526225 0.20821942653555636 0.3797719695994964 0.41321712909716857 0.4298292772257667 0.09434145133991159 0.46536635347211913 0.3880573187983277 0.46206720273420415 0.3567072786133632 0.3330121582943401 0.4497875929955659 0.481938770075761 0.21107279333609108 0.4592677224193562 0.21484099371382295 0.2959102740458646 0.1485356101767013 0.47349925241492946 0.3401004232417346 0.4422546919673578 0.3375995454017917 0.36924478048646925
0.2693937147844065 0.19184047159995166 0.1514194180952478 0.7168118121066687 0.11908730162544749 0.11928109582403258 0.46230738823469375 0.2876979758461156 0.13432517529183868 0.32812423672683133 0.2556323913681565 0.29252640566240923 0.16800282051056584 0.24144171133812203 0.0 0.17706511300159897 0.22844579364117404 0.313945758183185 0.14071870637449319 0.4038169682777466 0.20567627619399254 0.22577832321342933 0.2652809992885668 0.2706758004856183 0.22172557002600637 0.18597676317571057 0.49751450100289757 0.21130976251645683 0.12159940107825706 0.16499048938197713 0.2757998462243866 0.16083448836212075 0.34186473441656695 0.1472213147709696 0.32054591500372864 0.1969340236502556 0.16820804832321842 0.22950075341921988 0.09689657387222157 0.38604124689229097 0.18242753664165604 0.28126639878676474 0.2737757954028221 0.0888302737907575 0.023805433033133126 0.21673762788252895 0.1212921675070232 0.22317667110308928 0.22355433087936752 0.3033822202857 0.21797222815526326 0.42234149990206205 0.21528925542217525 0.2035655853404438 0.23637875839425224 0.4604954224798039 0.1395608736682754 0.26558113557858387 0.2321679355583668 0.23723288109794616 0.02753244154548375 0.27970062382370453 0.20738949955076513 0.2462084049047342 0.2808009688458166 0.12355325774029745 0.2262573071893287 0.19672130344649477 0.06788121098667231 0.23788922294565779 0.1674018914477542 0.2580329879144306 0.27543306668112655 0.387825807722188 0.14438302942496575 0.15759968923664708 0.26582910124217296 0.23564032006896793 0.03786925012951613 0.17660665687756547 0.19262420333810554 0.2218062181853434 0.3252121519684176 0.2852237285731716 0.165007904404424 0.25924549153430926 0.15681743103343215 0.13714179587753472 0.223885456212834 0.28246901466815405 0.3995085555882904 0.2606774796920198 0.2332446152911211 0.06572046473154587 0.22065228000888942 0.29165983342992124 0.19752336499156 0.27028392981369076 0.15984798236919437 0.329221941764397
0.10804811334206114 0.11677602721168709 0.05150330993344087 0.89214894552684 0.23638095054940092 0.2558175101640621 0.5327272096561281 0.3001649293812546 0.06568978906700702 0.2444003238793661 0.08971267911322588 0.13702728339107004 0.02318111331122112 0.36599285909784046 0.17706511300159897 0.0 0.07294636521386703 0.19920653069250316 0.20380568897217638 0.5804885436892028 0.09624059033612588 0.06219643040099784 0.08952621688806466 0.10033247792722318 0.07215133062326708 0.3592869933433887 0.47616575819117407 0.34862945032770903 0.28897668743794025 0.05105784862844263 0.12540429744712456 0.2199578326957098 0.5056611438694638 0.036619248216863964 0.29003768074797553 0.1258660714837115 0.13254395393357812 0.09919904228511273 0.1563111275676634 0.32086772814617975 0.046007364719561454 0.11214199896468156 0.4447246636040469 0.23522491467119422 0.19792213602312692 0.039686263074677784 0.1536527117821918 0.10337267495363096 0.10650064734138312 0.1362860516369014 0.13088194946310858 0.38865701450187484 0.365114824381891 0.06424749484795399 0.11397531438153012 0.41876269074380995 0.17362565100707267 0.16695730149282093 0.3868524396362495 0.21239430576116325 0.1888953516197079 0.12310553290161617 0.22061055744128516 0.22354916096196115 0.1169680574361426 0.2516403493198154 0.08850528934914728 0.08401126528500498 0.24436761197750362 0.1434516768310167 0.09086896189073619 0.09736986348156162 0.10006112745520998 0.34640845492829936 0.06874126180892635 0.166211810064164 0.11363507209663552 0.06367080772941593 0.21003830057261866 0.02690652744006775 0.07493919326365744 0.06828409257978185 0.4252868948656901 0.1086915048853787 0.07075912144551197 0.09630354874771575 0.024338572409143406 0.270257305755213 0.11036517775163564 0.11604150834720262 0.45137012408895033 0.09331654354293722 0.23247129308602196 0.1961929334374055 0.2682236484455981 0.1155918814633739 0.06843958032682833 0.09345076735644173 0.3000481307951165 0.23105545290570845
0.13301722145828712 0.08735332765449885 0.07707996735126509 0.9304884022261671 0.3045287513980344 0.280913382970311 0.6054853159263035 0.3709511394693259 0.09484305557701343 0.29821394538778057 0.11396574689551203 0.066412691820395 0.09583813083506294 0.4357023722310528 0.22844579364117404 0.07294636521386703 0.0 0.2441095975520668 0.20949043340832302 0.6239456561009838 0.05433996747538081 0.01487881418048837 0.05904812029081164 0.04815079632205067 0.009337748487055268 0.39923034940604873 0.5386143748352895 0.41617896505918023 0.32640481496669993 0.06377987592471623 0.052847323863560836 0.2925139967752179 0.533627114556603 0.10789233404093523 0.3551957374513643 0.19407023689887726 0.11875897753635853 0.03721681661531867 0.17688596498725978 0.3764966112781523 0.04602302103724623 0.05589832317816107 0.48027657582005134 0.26691211128556636 0.25143206717258326 0.0596253723623223 0.22572202162621624 0.04796678914541013 0.16447347997823902 0.07556567118238972 0.19482188931290093 0.4502127840611036 0.38822891935025977 0.027231519466988256 0.05212513846082422 0.47768123852337496 0.17628959930570565 0.22251935814651122 0.4118110209215169 0.28159160669302635 0.24574173487892792 0.1499201631651628 0.29293507113989725 0.2925548735737467 0.13607408069123628 0.2738077857019556 0.14042859968528956 0.050078826001722004 0.29191906867568895 0.20349365797146168 0.08096760581843587 0.12643719409525409 0.09727337417052936 0.4073831102100497 0.08694615730357688 0.16000160736477761 0.04120372405440553 0.08803035066904843 0.2647983590369795 0.056029308650790303 0.04649410729332478 0.006670727980759488 0.4976163912206064 0.07807552516226711 0.07000486816742901 0.031317118521389374 0.07906542169623323 0.29227343439980324 0.056398385836859605 0.05500466602615725 0.5235879627977189 0.03592271582989751 0.3035708835091746 0.22894328056135232 0.34114116434788927 0.08019862586442507 0.13111449034111203 0.08273718896485428 0.3223968168232451 0.2804629481884432
0.1149047547273557 0.3144882718435552 0.24941568422640506 1.0070247860567727 0.2920188430354929 0.42425091664120834 0.45080725616693423 0.21024298099380925 0.2597376797722547 0.06436308674980672 0.13172503210216646 0.2779079693825512 0.1849864170404586 0.3806043380023299 0.313945758183185 0.19920653069250316 0.2441095975520668 0.0 0.3939218570315509 0.6918002449210209 0.28890304456045907 0.2293001670806349 0.20232255423360426 0.2282311293261723 0.2497572014833685 0.49335076207416556 0.31100795680766347 0.38371116253779236 0.43507240391789015 0.2502570166744231 0.278451454568234 0.23114274789480474 0.6540797517020017 0.19692293673608657 0.15432340961085175 0.11779642718547652 0.33163394167848353 0.28085041236453295 0.3402322478289638 0.13951722280229964 0.24240183414785155 0.2364192651492896 0.5817433523452492 0.39699504733711777 0.32422099267963883 0.18619153343116482 0.20744127615434535 0.28985264231697105 0.09744872805470463 0.2533512845064744 0.09611567268456067 0.22360281218794864 0.5281650164602586 0.25286394758679714 0.29610408337533456 0.2432796401712798 0.367113419121601 0.049796293430375484 0.545966796353581 0.1363821366093284 0.3083201555688812 0.09968869468020868 0.18256556066966237 0.13999421399283468 0.11721606755094922 0.4239763472989799 0.11070596655181851 0.27826354793375063 0.3757189903862749 0.07625598403345113 0.2900424568505492 0.11875720111978545 0.16177679045401536 0.18173052931331468 0.26601854990386425 0.36326915463407 0.2691976045039024 0.1560846841490751 0.3299509495239505 0.22499682695456438 0.26968317382375695 0.24404395902126066 0.39614823393525705 0.1993409844171588 0.2699454011726002 0.2437628292381831 0.21945826178881123 0.441212429017599 0.2981193198457679 0.24525803681087166 0.3613862401374967 0.23345984808355266 0.16830696373054538 0.36176003455552747 0.23471983715486866 0.20605671940517026 0.13469939743076043 0.17595889290233668 0.46832635429533526 0.03933473067864635
0.3117438199840805 0.12897182592991968 0.15333704478305157 0.7357360756954056 0.25971351038358503 0.08947467107736595 0.6029190419237304 0.4196357076296945 0.13816918951559895 0.42608348442579264 0.2929983120431276 0.2539198940602044 0.21142348758919197 0.3767162023705816 0.14071870637449319 0.20380568897217638 0.20949043340832302 0.3939218570315509 0.0 0.44252030770374406 0.16026409948838125 0.2161991177021663 0.2657968026453184 0.25744922376030727 0.20020594658285532 0.22245835306888534 0.6249472633585953 0.34313477378652074 0.1537312659748018 0.1592346748713146 0.23573075656250128 0.2969677726408682 0.3311960549093172 0.19718180615011635 0.44086497267368063 0.2905009456679892 0.09361512019831739 0.18762962741795863 0.056096482107269655 0.49478778411765467 0.17546952729429155 0.2636970943410162 0.2893661286823228 0.09529114751403503 0.15757480851769162 0.23521147251822536 0.24417768814275942 0.17579880855482413 0.29648064289768983 0.2781811091583797 0.30656176391374307 0.5444777532899122 0.18441203176918547 0.18326840438719236 0.1847404866699646 0.580505281865262 0.03323722660610367 0.35247381045527154 0.20910662485788345 0.35505005908823334 0.16787532848226627 0.3269061704261911 0.33544370479409874 0.365461792870376 0.3201592375946198 0.07807168546892518 0.2865508271454964 0.16012887909086587 0.15869568952418361 0.32481961698795336 0.12874267455261376 0.3011664253159616 0.2950668334327897 0.5063544221225994 0.13623155825338476 0.05356791026264268 0.23047237343566074 0.26563351617011827 0.16902174611818982 0.18469587710447385 0.16301522114105158 0.203845649990272 0.464056065904602 0.28620620996796003 0.14358434757885044 0.23802382009168122 0.17999225750715522 0.0933434353929863 0.17104972061703244 0.26034879384136145 0.539667082852028 0.24503171020603542 0.35890747914738824 0.08086267184745662 0.35756407962889003 0.2893005143171196 0.25980615871670537 0.2835955754758452 0.12099272269897458 0.41955579396981035
0.6706609189193486 0.56251508163746 0.5483809196230807 0.3156616263426834 0.40148189985627736 0.3540481322847509 0.5637010905740084 0.5643486040201221 0.5299309815143755 0.6829735515029988 0.658247500901319 0.6824382364073875 0.5717059148518269 0.3660144978904229 0.4038169682777466 0.5804885436892028 0.6239456561009838 0.6918002449210209 0.44252030770374406 0.0 0.5878386251890971 0.6241824382721693 0.6672881168298403 0.6696325925525933 0.615939623142568 0.22514942343408978 0.7481836511472254 0.33913754579284455 0.29833540852872015 0.5607710498676186 0.6644157163990821 0.46827283780806483 0.1595967227497408 0.5508949054652716 0.6308780025163981 0.5772790519583444 0.5285239468804696 0.6150853376141536 0.45169630805314714 0.7131850853508462 0.5792210859280287 0.6792289676891233 0.1556161850782775 0.3598068134818658 0.38461096973855624 0.6201617856366299 0.48528121983799744 0.6054490919218862 0.6155387924239938 0.6993580353148463 0.5994694426987064 0.7070230786032954 0.27111170027353537 0.597160327220763 0.6169764149044245 0.7462004584510586 0.470518477141562 0.6422030669177838 0.24749624018197713 0.573768677679441 0.39668654839622697 0.6792768872091827 0.5263298119524067 0.5771300870468845 0.6824194571641259 0.3646767467947593 0.6240015856108926 0.5827107646046484 0.3361570155863363 0.6180761250965854 0.549390890292366 0.6594756846938389 0.679249272110479 0.690095272200576 0.5370071577166615 0.4940687940688508 0.6563251420885485 0.639324220266678 0.37423621263705936 0.577115194315836 0.5815441110369316 0.6173243274185629 0.43448049109820375 0.6876759047290728 0.5548267416867746 0.655255334920079 0.5591709490923887 0.3493702248107046 0.6030813457817958 0.678949485146762 0.5650682553259293 0.6585956007970645 0.5508708521353138 0.3959376249955975 0.494286386066693 0.6936566210593839 0.5964778144271482 0.6738993944303547 0.32396240940362975 0.6942864948923442
